00000000 12SVK240180.tif 4 4
00000001 12SVK240180.tif 5 8
00000002 12SVK240200.tif 0 3
00000003 12SVK240200.tif 3 6
00000004 12SVK240200.tif 2 4
00000005 12SVK240200.tif 3 0
00000006 12SVK240200.tif 3 1
00000007 12SVK240200.tif 5 6
00000008 12SVK240200.tif 6 5
00000009 12SVK240200.tif 6 6
00000010 12SVK240200.tif 6 12
00000011 12SVK240200.tif 6 13
00000012 12SVK240200.tif 7 11
00000013 12SVK240200.tif 7 12
00000014 12SVK240220.tif 2 14
00000015 12SVK240220.tif 3 11
00000016 12SVK240220.tif 4 8
00000017 12SVK240220.tif 5 4
00000018 12SVK240220.tif 6 1
00000019 12SVK240220.tif 6 4
00000020 12SVK240220.tif 7 0
00000021 12TVK140960.tif 0 10
00000022 12TVK140960.tif 0 11
00000023 12TVK140960.tif 1 1
00000024 12TVK140960.tif 1 4
00000025 12TVK140960.tif 1 10
00000026 12TVK140960.tif 1 14
00000027 12TVK140960.tif 2 4
00000028 12TVK140960.tif 2 5
00000029 12TVK140960.tif 4 0
00000030 12TVK140960.tif 4 6
00000031 12TVK140960.tif 4 10
00000032 12TVK140960.tif 4 11
00000033 12TVK140960.tif 5 0
00000034 12TVK140960.tif 5 1
00000035 12TVK140960.tif 5 10
00000036 12TVK140960.tif 5 11
00000037 12TVK140960.tif 6 2
00000038 12TVK140960.tif 6 3
00000039 12TVK140960.tif 6 5
00000040 12TVK140960.tif 6 11
00000041 12TVK140960.tif 7 6
00000042 12TVK140960.tif 7 12
00000043 12TVK140960.tif 7 13
00000044 12TVK140960.tif 8 2
00000045 12TVK140960.tif 8 7
00000046 12TVK140960.tif 8 10
00000047 12TVK140960.tif 9 1
00000048 12TVK140960.tif 9 2
00000049 12TVK140960.tif 9 3
00000050 12TVK140960.tif 9 5
00000051 12TVK140960.tif 10 0
00000052 12TVK140960.tif 10 2
00000053 12TVK140960.tif 10 13
00000054 12TVK140960.tif 10 14
00000055 12TVK140960.tif 11 0
00000056 12TVK140960.tif 11 3
00000057 12TVK140960.tif 11 4
00000058 12TVK140960.tif 11 8
00000059 12TVK140960.tif 11 10
00000060 12TVK140960.tif 11 13
00000061 12TVK140960.tif 11 14
00000062 12TVK140960.tif 12 6
00000063 12TVK140960.tif 12 7
00000064 12TVK140960.tif 12 11
00000065 12TVK140960.tif 12 12
00000066 12TVK140960.tif 12 13
00000067 12TVK140960.tif 13 13
00000068 12TVK140960.tif 14 4
00000069 12TVK140960.tif 14 13
00000070 12SVK240240.tif 3 1
00000071 12TVK220660.tif 0 1
00000072 12TVK220660.tif 1 0
00000073 12TVK220660.tif 1 1
00000074 12TVK220660.tif 2 1
00000075 12TVK220660.tif 2 10
00000076 12TVK220660.tif 3 0
00000077 12TVK220660.tif 3 1
00000078 12TVK220660.tif 4 0
00000079 12TVK220660.tif 4 1
00000080 12TVK220660.tif 6 10
00000081 12TVK220660.tif 7 8
00000082 12TVK220660.tif 7 9
00000083 12TVK220660.tif 8 10
00000084 12TVK220660.tif 9 11
00000085 12TVK220660.tif 10 6
00000086 12TVK220660.tif 10 7
00000087 12TVK220660.tif 11 1
00000088 12TVK220660.tif 11 6
00000089 12TVK220660.tif 12 1
00000090 12TVK220660.tif 12 3
00000091 12TVK220660.tif 13 1
00000092 12TVK220660.tif 14 4
00000093 12TVK360540.tif 4 3
00000094 12TVK360540.tif 5 13
00000095 12TVK360540.tif 9 4
00000096 12TVK360540.tif 10 10
00000097 12TVK360540.tif 11 9
00000098 12TVK360540.tif 11 11
00000099 12TVK360540.tif 12 8
00000100 12TVK360540.tif 12 9
00000101 12TVK360540.tif 12 12
00000102 12TVK360540.tif 12 13
00000103 12TVK360540.tif 13 8
00000104 12TVK360540.tif 13 9
00000105 12TVK360540.tif 13 12
00000106 12TVK380520.tif 0 6
00000107 12TVK380520.tif 0 7
00000108 12TVK380520.tif 0 9
00000109 12TVK380520.tif 0 14
00000110 12TVK380520.tif 1 10
00000111 12TVK380520.tif 1 11
00000112 12TVK380520.tif 1 13
00000113 12TVK380520.tif 3 4
00000114 12TVK380520.tif 3 9
00000115 12TVK380520.tif 3 11
00000116 12TVK380520.tif 3 14
00000117 12TVK380520.tif 4 7
00000118 12TVK380520.tif 4 9
00000119 12TVK380520.tif 4 11
00000120 12TVK380520.tif 5 10
00000121 12TVK380520.tif 5 11
00000122 12TVK380520.tif 6 2
00000123 12TVK380520.tif 6 9
00000124 12TVK380520.tif 7 8
00000125 12TVK380520.tif 7 10
00000126 12TVK380520.tif 10 8
00000127 12TVK380520.tif 11 6
00000128 12TVK380520.tif 11 8
00000129 12TVK380520.tif 11 9
00000130 12TVK380520.tif 12 8
00000131 12TVL160140.tif 2 3
00000132 12TVL160140.tif 3 3
00000133 12TVL160140.tif 7 2
00000134 12TVL160140.tif 10 11
00000135 12TVL160140.tif 11 2
00000136 12TVL160140.tif 11 10
00000137 12TVL160140.tif 13 2
00000138 12TVL320660.tif 6 2
00000139 12TVL320660.tif 6 3
00000140 12TVL320660.tif 7 12
00000141 12TVL320660.tif 7 13
00000142 12TVL320660.tif 8 12
00000143 12TVL320660.tif 8 13
00000144 12TVL320660.tif 9 11
00000145 12TVL320660.tif 9 13
00000146 12TVL320660.tif 9 14
00000147 12TVL320660.tif 10 9
00000148 12TVL320660.tif 10 14
00000149 12TVL320660.tif 11 10
00000150 12TVL320660.tif 11 13
00000151 12TVL320660.tif 14 12
00000152 12TVL320660.tif 14 13
00000153 12TVL320660.tif 14 14
00000154 12SVK260240.tif 0 6
00000155 12SVK260240.tif 0 9
00000156 12SVK260240.tif 0 10
00000157 12SVK260240.tif 0 11
00000158 12SVK260240.tif 0 12
00000159 12SVK260240.tif 13 7
00000160 12SVK260240.tif 0 14
00000161 12SVK260240.tif 1 8
00000162 12SVK260240.tif 1 10
00000163 12SVK260240.tif 1 12
00000164 12SVK260240.tif 2 9
00000165 12SVK260240.tif 2 12
00000166 12SVK260240.tif 2 13
00000167 12SVK260240.tif 3 12
00000168 12SVK260240.tif 3 14
00000169 12SVK260240.tif 4 6
00000170 12SVK260240.tif 4 12
00000171 12SVK260240.tif 4 13
00000172 12SVK260240.tif 5 5
00000173 12SVK260240.tif 5 8
00000174 12SVK260240.tif 5 10
00000175 12SVK260240.tif 6 9
00000176 12SVK260240.tif 6 10
00000177 12SVK260240.tif 6 12
00000178 12SVK260240.tif 7 9
00000179 12SVK260240.tif 7 10
00000180 12SVK260240.tif 8 9
00000181 12SVK260240.tif 8 10
00000182 12SVK260240.tif 10 7
00000183 12SVK260240.tif 10 9
00000184 12SVK260280.tif 11 8
00000185 12SVK260280.tif 11 9
00000186 12SVK260280.tif 14 9
00000187 12SVK280180.tif 0 10
00000188 12SVK280180.tif 0 11
00000189 12SVK280180.tif 1 10
00000190 12SVK280180.tif 2 10
00000191 12SVK280180.tif 2 11
00000192 12SVK280180.tif 3 11
00000193 12SVK280180.tif 11 9
00000194 12SVK280180.tif 11 14
00000195 12TVL060680.tif 0 10
00000196 12TVL060680.tif 1 0
00000197 12TVL060680.tif 1 10
00000198 12TVL060680.tif 2 6
00000199 12TVL060680.tif 2 9
00000200 12TVL060680.tif 3 6
00000201 12TVL060680.tif 4 6
00000202 12TVL060680.tif 5 13
00000203 12TVL060680.tif 6 11
00000204 12TVL060680.tif 6 12
00000205 12TVL060680.tif 8 7
00000206 12TVL060680.tif 8 11
00000207 12TVL060680.tif 10 2
00000208 12TVL060680.tif 10 3
00000209 12TVL060680.tif 10 5
00000210 12TVL060680.tif 10 7
00000211 12TVL060680.tif 10 8
00000212 12TVL060680.tif 11 1
00000213 12TVL060680.tif 11 7
00000214 12TVL060680.tif 12 0
00000215 12TVL060680.tif 12 9
00000216 12TVL060680.tif 14 0
00000217 12TVL060700.tif 0 10
00000218 12TVL060700.tif 0 12
00000219 12TVL060700.tif 1 0
00000220 12TVL060700.tif 1 13
00000221 12TVL060700.tif 2 0
00000222 12TVL060700.tif 2 13
00000223 12TVL060700.tif 4 0
00000224 12TVL060700.tif 6 0
00000225 12TVL060700.tif 6 1
00000226 12TVL060700.tif 6 8
00000227 12TVL060700.tif 7 0
00000228 12TVL060700.tif 7 2
00000229 12TVL060700.tif 7 5
00000230 12TVL060700.tif 7 13
00000231 12TVL060700.tif 8 6
00000232 12TVL060700.tif 8 11
00000233 12TVL060700.tif 8 12
00000234 12TVL060700.tif 9 0
00000235 12TVL060700.tif 9 1
00000236 12TVL060700.tif 9 2
00000237 12TVL060700.tif 9 3
00000238 12TVL060700.tif 9 9
00000239 12TVL060700.tif 9 10
00000240 12TVL060700.tif 9 13
00000241 12TVL060700.tif 10 0
00000242 12TVL060700.tif 10 1
00000243 12TVL060700.tif 10 5
00000244 12TVL060700.tif 11 10
00000245 12TVL060700.tif 14 1
00000246 12TVL060700.tif 14 10
00000247 12TVL080680.tif 0 4
00000248 12TVL080680.tif 0 6
00000249 12TVL080680.tif 0 7
00000250 12TVL080680.tif 0 8
00000251 12TVL080680.tif 1 7
00000252 12TVL080680.tif 1 12
00000253 12TVL080680.tif 2 0
00000254 12TVL080680.tif 2 1
00000255 12TVL080680.tif 2 7
00000256 12TVL080680.tif 2 8
00000257 12TVL080680.tif 3 3
00000258 12TVL080680.tif 4 8
00000259 12TVL080680.tif 8 3
00000260 12TVL080680.tif 10 4
00000261 12TVL080680.tif 11 3
00000262 12TVL080680.tif 11 5
00000263 12TVL080680.tif 13 3
00000264 12TVL080680.tif 14 5
00000265 12TVL080700.tif 0 4
00000266 12TVL080700.tif 0 7
00000267 12TVL080700.tif 0 8
00000268 12TVL080700.tif 0 13
00000269 12TVL080700.tif 1 7
00000270 12TVL080700.tif 1 9
00000271 12TVL080700.tif 2 1
00000272 12TVL080700.tif 2 8
00000273 12TVL080700.tif 3 1
00000274 12TVL080700.tif 3 4
00000275 12TVL080700.tif 3 8
00000276 12TVL080700.tif 3 9
00000277 12TVL080700.tif 5 5
00000278 12TVL080700.tif 5 6
00000279 12TVL080700.tif 6 7
00000280 12TVL080700.tif 6 9
00000281 12TVL080700.tif 7 4
00000282 12TVL080700.tif 7 9
00000283 12TVL080700.tif 8 11
00000284 12TVL080700.tif 11 2
00000285 12TVL080700.tif 12 2
00000286 12TVL080700.tif 14 8
00000287 12TVL100680.tif 0 2
00000288 12TVL100680.tif 1 12
00000289 12TVL100680.tif 5 12
00000290 12TVL100680.tif 8 4
00000291 12TVL100680.tif 9 3
00000292 12TVL100680.tif 9 7
00000293 12TVL100680.tif 9 9
00000294 12TVL100680.tif 10 3
00000295 12TVL100680.tif 10 13
00000296 12TVL100680.tif 12 2
00000297 12TVL100680.tif 14 2
00000298 12TVL100700.tif 0 1
00000299 12TVL100700.tif 0 4
00000300 12TVL100700.tif 0 5
00000301 12TVL100700.tif 1 0
00000302 12TVL100700.tif 1 8
00000303 12TVL100700.tif 1 12
00000304 12TVL100700.tif 1 13
00000305 12TVL100700.tif 2 6
00000306 12TVL100700.tif 2 14
00000307 12TVL100700.tif 3 9
00000308 12TVL100700.tif 8 0
00000309 12TVL100700.tif 9 0
00000310 12TVL100700.tif 9 2
00000311 12TVL100700.tif 9 3
00000312 12TVL100700.tif 9 4
00000313 12TVL100700.tif 9 9
00000314 12TVL100700.tif 9 10
00000315 12TVL100700.tif 10 2
00000316 12TVL100700.tif 11 2
00000317 12TVL100700.tif 11 4
00000318 12TVL100700.tif 11 6
00000319 12TVL100700.tif 12 6
00000320 12TVL100700.tif 14 10
00000321 12TVL140520.tif 0 9
00000322 12TVL140520.tif 1 5
00000323 12TVL140520.tif 1 12
00000324 12TVL140520.tif 3 6
00000325 12TVL140520.tif 3 7
00000326 12TVL140520.tif 5 5
00000327 12TVL140520.tif 6 0
00000328 12TVL140520.tif 6 9
00000329 12TVL140520.tif 8 0
00000330 12TVL140520.tif 8 2
00000331 12TVL140520.tif 8 3
00000332 12TVL140520.tif 9 2
00000333 12TVL140520.tif 9 6
00000334 12TVL140520.tif 10 3
00000335 12TVL140520.tif 11 8
00000336 12TVL140520.tif 12 0
00000337 12TVL140520.tif 12 1
00000338 12TVL140520.tif 12 2
00000339 12TVL140520.tif 12 9
00000340 12TVL140520.tif 12 10
00000341 12TVL140520.tif 13 6
00000342 12TVL140520.tif 14 14
00000343 12TVL140540.tif 0 8
00000344 12TVL140540.tif 1 8
00000345 12TVL140540.tif 2 8
00000346 12TVL140540.tif 3 3
00000347 12TVL140540.tif 3 5
00000348 12TVL140540.tif 4 2
00000349 12TVL140540.tif 4 12
00000350 12TVL140540.tif 7 4
00000351 12TVL140540.tif 8 7
00000352 12TVL140540.tif 8 10
00000353 12TVL140540.tif 9 2
00000354 12TVL140540.tif 9 5
00000355 12TVL140540.tif 10 0
00000356 12TVL140540.tif 10 2
00000357 12TVL140540.tif 13 6
00000358 12TVL160500.tif 0 13
00000359 12TVL160500.tif 0 14
00000360 12TVL160500.tif 1 12
00000361 12TVL160500.tif 2 8
00000362 12TVL160500.tif 2 9
00000363 12TVL160500.tif 3 0
00000364 12TVL160500.tif 3 2
00000365 12TVL160500.tif 5 6
00000366 12TVL160500.tif 6 10
00000367 12TVL160500.tif 7 1
00000368 12TVL160500.tif 9 8
00000369 12TVL160500.tif 10 13
00000370 12TVL160500.tif 11 12
00000371 12TVL160500.tif 14 12
00000372 12TVL160520.tif 4 7
00000373 12TVL160520.tif 5 7
00000374 12TVL160520.tif 8 1
00000375 12TVL160520.tif 10 9
00000376 12TVL160520.tif 11 13
00000377 12TVL160540.tif 0 9
00000378 12TVL160540.tif 0 10
00000379 12TVL160540.tif 3 2
00000380 12TVL160540.tif 4 14
00000381 12TVL160540.tif 5 9
00000382 12TVL160540.tif 11 8
00000383 12TVL160540.tif 13 3
00000384 12TVL160540.tif 14 2
00000385 12TVL160540.tif 14 3
00000386 12TVL180500.tif 2 4
00000387 12TVL180500.tif 7 5
00000388 12TVL180520.tif 1 11
00000389 12TVL180520.tif 2 7
00000390 12TVL180520.tif 3 3
00000391 12TVL180520.tif 12 0
00000392 12TVL180540.tif 2 12
00000393 12TVL180540.tif 3 2
00000394 12TVL180540.tif 3 5
00000395 12TVL180540.tif 3 11
00000396 12TVL180540.tif 4 13
00000397 12TVL180540.tif 5 0
00000398 12TVL180540.tif 5 1
00000399 12TVL180540.tif 5 6
00000400 12TVL180540.tif 6 2
00000401 12TVL180540.tif 7 6
00000402 12TVL180540.tif 8 2
00000403 12TVL180540.tif 8 3
00000404 12TVL180540.tif 8 5
00000405 12TVL180540.tif 8 8
00000406 12TVL180540.tif 9 3
00000407 12TVL180540.tif 9 4
00000408 12TVL180540.tif 9 5
00000409 12TVL180540.tif 10 10
00000410 12TVL180540.tif 12 9
00000411 12TVL180540.tif 12 13
00000412 12TVL180540.tif 12 14
00000413 12TVL180540.tif 13 14
00000414 12TVL200500.tif 0 13
00000415 12TVL200500.tif 0 14
00000416 12TVL200500.tif 3 11
00000417 12TVL200500.tif 3 14
00000418 12TVL200500.tif 6 8
00000419 12TVL200500.tif 6 12
00000420 12TVL200500.tif 7 11
00000421 12TVL200500.tif 7 12
00000422 12TVL200500.tif 8 14
00000423 12TVL200500.tif 10 5
00000424 12TVL200500.tif 10 6
00000425 12TVL200500.tif 10 7
00000426 12TVL200500.tif 10 9
00000427 12TVL200500.tif 10 10
00000428 12TVL200500.tif 11 3
00000429 12TVL200500.tif 11 8
00000430 12TVL200520.tif 0 9
00000431 12TVL200520.tif 0 10
00000432 12TVL200520.tif 1 0
00000433 12TVL200520.tif 1 3
00000434 12TVL200520.tif 4 3
00000435 12TVL200520.tif 4 4
00000436 12TVL200520.tif 4 10
00000437 12TVL200520.tif 5 11
00000438 12TVL200520.tif 5 12
00000439 12TVL200520.tif 5 13
00000440 12TVL200520.tif 6 8
00000441 12TVL200520.tif 6 11
00000442 12TVL200520.tif 7 3
00000443 12TVL200520.tif 7 8
00000444 12TVL200520.tif 8 8
00000445 12TVL200520.tif 9 8
00000446 12TVL200540.tif 0 1
00000447 12TVL200540.tif 1 8
00000448 12TVL200540.tif 5 1
00000449 12TVL200540.tif 5 6
00000450 12TVL200540.tif 5 13
00000451 12TVL200540.tif 6 3
00000452 12TVL200540.tif 8 5
00000453 12TVL200540.tif 11 9
00000454 12TVL200540.tif 12 1
00000455 12TVL200540.tif 12 13
00000456 12TVL200540.tif 13 2
00000457 12TVL120600.tif 0 2
00000458 12TVL120600.tif 0 3
00000459 12TVL120600.tif 1 4
00000460 12TVL120600.tif 5 4
00000461 12TVL120600.tif 7 14
00000462 12TVL120600.tif 9 0
00000463 12TVL120600.tif 11 13
00000464 12TVL120600.tif 12 7
00000465 12TVL120600.tif 13 4
00000466 12TVL120600.tif 13 6
00000467 12TVL120620.tif 0 2
00000468 12TVL120620.tif 9 12
00000469 12TVL120620.tif 11 3
00000470 12TVL120620.tif 13 4
00000471 12TVL140580.tif 3 7
00000472 12TVL140580.tif 4 7
00000473 12TVL140580.tif 4 8
00000474 12TVL140580.tif 4 9
00000475 12TVL140580.tif 4 14
00000476 12TVL140580.tif 5 5
00000477 12TVL140580.tif 8 4
00000478 12TVL140580.tif 14 3
00000479 12TVL140600.tif 1 0
00000480 12TVL140600.tif 1 2
00000481 12TVL140600.tif 1 3
00000482 12TVL140600.tif 2 3
00000483 12TVL140600.tif 7 13
00000484 12TVL140600.tif 10 10
00000485 12TVL140600.tif 11 10
00000486 12TVL140600.tif 13 10
00000487 12TVL160600.tif 4 0
00000488 12TVL160600.tif 5 0
00000489 12TVL160600.tif 5 5
00000490 12TVL360700.tif 6 4
00000491 12TVL360700.tif 14 1
00000492 12TVL360700.tif 14 3
00000493 12TVL280740.tif 1 6
00000494 12TVL280740.tif 1 9
00000495 12TVL280740.tif 2 3
00000496 12TVL280740.tif 3 1
00000497 12TVL280740.tif 4 9
00000498 12TVL280740.tif 5 9
00000499 12TVL280740.tif 7 8
00000500 12TVL280740.tif 9 14
00000501 12TVL280740.tif 10 9
00000502 12TVL280740.tif 11 2
00000503 12TVL280740.tif 12 2
00000504 12TVL280740.tif 13 2
00000505 12TVL280740.tif 14 12
00000506 12TVL300720.tif 0 3
00000507 12TVL300720.tif 0 6
00000508 12TVL300720.tif 1 3
00000509 12TVL300720.tif 1 4
00000510 12TVL300720.tif 1 5
00000511 12TVL300720.tif 1 6
00000512 12TVL300720.tif 2 6
00000513 12TVL300720.tif 2 9
00000514 12TVL300720.tif 4 3
00000515 12TVL300720.tif 5 1
00000516 12TVL300720.tif 5 4
00000517 12TVL300720.tif 6 4
00000518 12TVL300720.tif 6 14
00000519 12TVL300720.tif 7 0
00000520 12TVL300720.tif 7 11
00000521 12TVL300720.tif 8 8
00000522 12TVL300720.tif 8 11
00000523 12TVL300720.tif 10 4
00000524 12TVL300720.tif 12 13
00000525 12TVL300720.tif 13 10
00000526 12TVL320700.tif 1 8
00000527 12TVL320700.tif 6 9
00000528 12TVL320700.tif 7 14
00000529 12TVL320700.tif 8 3
00000530 12TVL320700.tif 9 3
00000531 12TVL320700.tif 9 4
00000532 12TVL320700.tif 11 3
00000533 12TVL320700.tif 12 4
00000534 12TVL320700.tif 12 7
00000535 12TVL320700.tif 13 9
00000536 12TVL320700.tif 13 10
00000537 12TVL340700.tif 3 5
00000538 12TVL340700.tif 3 6
00000539 12TVL340700.tif 3 7
00000540 12TVL340700.tif 3 10
00000541 12TVL340700.tif 4 8
00000542 12TVL340700.tif 5 2
00000543 12TVL340700.tif 5 4
00000544 12TVL340700.tif 10 7
00000545 12TVL340700.tif 10 13
00000546 12TVL340700.tif 12 10
00000547 12TVL340700.tif 14 2
00000548 12TVK120680.tif 1 14
00000549 12TVK120680.tif 13 11
00000550 12TVK140660.tif 0 3
00000551 12TVK140660.tif 2 11
00000552 12TVK140660.tif 3 13
00000553 12TVK140660.tif 9 5
00000554 12TVK140660.tif 10 5
00000555 12TVK140660.tif 11 5
00000556 12TVK140660.tif 12 8
00000557 12TVK140660.tif 13 4
00000558 12TVK140680.tif 0 5
00000559 12TVK140680.tif 0 6
00000560 12TVK140680.tif 0 10
00000561 12TVK140680.tif 0 14
00000562 12TVK140680.tif 1 0
00000563 12TVK140680.tif 1 12
00000564 12TVK140680.tif 2 6
00000565 12TVK140680.tif 2 9
00000566 12TVK140680.tif 2 10
00000567 12TVK140680.tif 3 8
00000568 12TVK140680.tif 3 11
00000569 12TVK140680.tif 3 13
00000570 12TVK140680.tif 4 0
00000571 12TVK140680.tif 4 1
00000572 12TVK140680.tif 4 2
00000573 12TVK140680.tif 5 13
00000574 12TVK140680.tif 8 11
00000575 12TVK140680.tif 10 7
00000576 12TVK140680.tif 11 14
00000577 12TVL200220.tif 0 11
00000578 12TVL200220.tif 0 12
00000579 12TVL200220.tif 1 4
00000580 12TVL200220.tif 1 12
00000581 12TVL200220.tif 2 3
00000582 12TVL200220.tif 5 7
00000583 12TVL200220.tif 7 3
00000584 12TVL200220.tif 7 12
00000585 12TVL200220.tif 8 11
00000586 12TVL200220.tif 8 12
00000587 12TVL200220.tif 11 12
00000588 12TVL200220.tif 12 3
00000589 12TVL200220.tif 14 12
00000590 12TVL200220.tif 14 13
00000591 12TVL200240.tif 0 8
00000592 12TVL200240.tif 2 13
00000593 12TVL200240.tif 4 11
00000594 12TVL200240.tif 5 9
00000595 12TVL200240.tif 5 10
00000596 12TVL200240.tif 7 10
00000597 12TVL200240.tif 8 8
00000598 12TVL200240.tif 10 14
00000599 12TVL220220.tif 6 2
00000600 12TVL220220.tif 6 10
00000601 12TVL220220.tif 9 3
00000602 12TVL220220.tif 9 4
00000603 12TVL220240.tif 4 4
00000604 12TVL220240.tif 6 12
00000605 12TVL220240.tif 6 13
00000606 12TVL220240.tif 8 1
00000607 12TVL220240.tif 11 10
00000608 12TVL220240.tif 12 6
00000609 12TVL220240.tif 13 1
00000610 12TVL220240.tif 13 7
00000611 12TVL220240.tif 14 0
00000612 12TVK440440.tif 0 5
00000613 12TVK440440.tif 1 6
00000614 12TVK440440.tif 2 0
00000615 12TVK440440.tif 2 8
00000616 12TVK440440.tif 4 0
00000617 12TVK440440.tif 4 3
00000618 12TVK440440.tif 4 4
00000619 12TVK440440.tif 5 10
00000620 12TVK440440.tif 5 11
00000621 12TVK440440.tif 7 9
00000622 12TVK440440.tif 7 10
00000623 12TVK440440.tif 11 14
00000624 12TVK440440.tif 12 12
00000625 12TVK440440.tif 14 9
00000626 12TVK060540.tif 3 3
00000627 12TVK060540.tif 5 8
00000628 12TVK060540.tif 8 6
00000629 12TVK060540.tif 9 6
00000630 12TVK060540.tif 14 7
00000631 12TVK420420.tif 0 4
00000632 12TVK420420.tif 3 0
00000633 12TVK420420.tif 6 13
00000634 12TVK420420.tif 6 14
00000635 12TVK420420.tif 7 4
00000636 12TVK420420.tif 8 6
00000637 12TVK420420.tif 9 4
00000638 12TVK420420.tif 10 1
00000639 12TVK420440.tif 3 4
00000640 12TVK420440.tif 10 5
00000641 12TVK420440.tif 10 11
00000642 12TVK420440.tif 12 14
00000643 12TVK420440.tif 14 4
00000644 12TVK440420.tif 0 2
00000645 12TVK440420.tif 0 4
00000646 12TVK440420.tif 0 11
00000647 12TVK440420.tif 1 2
00000648 12TVK440420.tif 1 7
00000649 12TVK440420.tif 1 12
00000650 12TVK440420.tif 2 1
00000651 12TVK440420.tif 8 12
00000652 12TVK440420.tif 9 8
00000653 12TVK440420.tif 11 14
00000654 12TVK440420.tif 12 5
00000655 12TVL140080.tif 0 2
00000656 12TVL140080.tif 0 3
00000657 12TVL140080.tif 2 4
00000658 12TVL140080.tif 3 2
00000659 12TVL140080.tif 3 7
00000660 12TVL140080.tif 3 9
00000661 12TVL140080.tif 3 11
00000662 12TVL140080.tif 3 13
00000663 12TVL140080.tif 4 10
00000664 12TVL140080.tif 5 1
00000665 12TVL140080.tif 6 1
00000666 12TVL140080.tif 7 3
00000667 12TVL140080.tif 7 10
00000668 12TVL140080.tif 7 13
00000669 12TVL140080.tif 8 8
00000670 12TVL140080.tif 8 9
00000671 12TVL140080.tif 8 10
00000672 12TVL140080.tif 9 3
00000673 12TVL140080.tif 9 5
00000674 12TVL140080.tif 9 6
00000675 12TVL140080.tif 9 12
00000676 12TVL140080.tif 9 14
00000677 12TVL140080.tif 13 4
00000678 12TVL140080.tif 14 4
00000679 12TVL140100.tif 2 7
00000680 12TVL140100.tif 4 0
00000681 12TVL140100.tif 4 9
00000682 12TVL140100.tif 7 14
00000683 12TVL140100.tif 8 4
00000684 12TVL140100.tif 8 8
00000685 12TVL140100.tif 10 10
00000686 12TVL140100.tif 11 11
00000687 12TVL140100.tif 12 7
00000688 12TVL140100.tif 12 9
00000689 12TVL140100.tif 14 8
00000690 12TVL160080.tif 0 7
00000691 12TVL160080.tif 2 4
00000692 12TVL160080.tif 2 6
00000693 12TVL160080.tif 2 7
00000694 12TVL160080.tif 3 5
00000695 12TVL160080.tif 3 11
00000696 12TVL160080.tif 4 2
00000697 12TVL160080.tif 7 5
00000698 12TVL160080.tif 7 13
00000699 12TVL160080.tif 8 4
00000700 12TVL160080.tif 8 6
00000701 12TVL160080.tif 8 11
00000702 12TVL160080.tif 9 4
00000703 12TVL160080.tif 9 11
00000704 12TVL160080.tif 11 5
00000705 12TVL160080.tif 12 7
00000706 12TVL160080.tif 13 7
00000707 12TVL160080.tif 14 3
00000708 12TVL160080.tif 14 7
00000709 12TVL160080.tif 14 8
00000710 12TVL160100.tif 0 3
00000711 12TVL160100.tif 0 4
00000712 12TVL160100.tif 2 5
00000713 12TVL160100.tif 5 0
00000714 12TVL160100.tif 5 4
00000715 12TVL160100.tif 9 1
00000716 12TVL160100.tif 9 3
00000717 12TVL160100.tif 9 4
00000718 12TVL160100.tif 10 0
00000719 12TVL160100.tif 10 8
00000720 12TVL160100.tif 11 9
00000721 12TVL160100.tif 11 10
00000722 12TVL160100.tif 12 14
00000723 12TVL160100.tif 14 5
00000724 12TVL180080.tif 2 14
00000725 12TVL180080.tif 4 6
00000726 12TVL180080.tif 6 1
00000727 12TVL180080.tif 6 10
00000728 12TVL180080.tif 8 1
00000729 12TVL180080.tif 8 3
00000730 12TVL180080.tif 8 14
00000731 12TVL180080.tif 9 11
00000732 12TVL180080.tif 9 12
00000733 12TVL180080.tif 12 0
00000734 12TVL180080.tif 13 0
00000735 12TVL180100.tif 0 6
00000736 12TVL180100.tif 1 14
00000737 12TVL180100.tif 3 8
00000738 12TVL180100.tif 6 5
00000739 12TVL180100.tif 10 0
00000740 12TVL180100.tif 11 1
00000741 12TVL180100.tif 12 1
00000742 12TVL140440.tif 0 0
00000743 12TVL140440.tif 0 1
00000744 12TVL140440.tif 0 3
00000745 12TVL140440.tif 0 4
00000746 12TVL140440.tif 0 5
00000747 12TVL140440.tif 0 7
00000748 12TVL140440.tif 0 8
00000749 12TVL140440.tif 0 10
00000750 12TVL140440.tif 1 3
00000751 12TVL140440.tif 1 7
00000752 12TVL140440.tif 1 13
00000753 12TVL140440.tif 3 10
00000754 12TVL140440.tif 3 14
00000755 12TVL140440.tif 4 0
00000756 12TVL140440.tif 5 2
00000757 12TVL140440.tif 8 1
00000758 12TVL140440.tif 8 10
00000759 12TVL140440.tif 9 10
00000760 12TVL140440.tif 10 7
00000761 12TVL140440.tif 13 10
00000762 12TVL140440.tif 13 12
00000763 12TVL140440.tif 13 13
00000764 12TVL140460.tif 0 9
00000765 12TVL140460.tif 1 0
00000766 12TVL140460.tif 1 10
00000767 12TVL140460.tif 2 10
00000768 12TVL140460.tif 3 10
00000769 12TVL140460.tif 4 3
00000770 12TVL140460.tif 4 4
00000771 12TVL140460.tif 4 7
00000772 12TVL140460.tif 5 3
00000773 12TVL140460.tif 5 5
00000774 12TVL140460.tif 5 6
00000775 12TVL140460.tif 5 7
00000776 12TVL140460.tif 6 4
00000777 12TVL140460.tif 7 4
00000778 12TVL140460.tif 8 11
00000779 12TVL140460.tif 8 12
00000780 12TVL140460.tif 8 13
00000781 12TVL140460.tif 8 14
00000782 12TVL140460.tif 9 10
00000783 12TVL140460.tif 12 0
00000784 12TVL140460.tif 14 1
00000785 12TVL140460.tif 14 2
00000786 12TVL160440.tif 0 1
00000787 12TVL160440.tif 0 2
00000788 12TVL160440.tif 0 4
00000789 12TVL160440.tif 0 10
00000790 12TVL160440.tif 1 3
00000791 12TVL160440.tif 1 10
00000792 12TVL160440.tif 3 3
00000793 12TVL160440.tif 3 8
00000794 12TVL160440.tif 3 9
00000795 12TVL160440.tif 4 6
00000796 12TVL160440.tif 4 7
00000797 12TVL160440.tif 4 11
00000798 12TVL160440.tif 5 7
00000799 12TVL160440.tif 7 4
00000800 12TVL160440.tif 8 12
00000801 12TVL160440.tif 8 14
00000802 12TVL160440.tif 9 7
00000803 12TVL160440.tif 9 13
00000804 12TVL160440.tif 10 3
00000805 12TVL160440.tif 11 5
00000806 12TVL160440.tif 12 1
00000807 12TVL160440.tif 13 6
00000808 12TVL160440.tif 13 7
